  -0.0070080062
  -0.0044747580
  -0.0080400942
   0.0056099451
   0.0159833964
   0.0003082386
  -0.0064388643
  -0.0077411666
   0.0101454374
   0.0103311752
  -0.0083640421
  -0.0028948453
   0.0077978356
  -0.0049260942
   0.0096855901
   0.0137694979
   0.0121708983
   0.0139452621
   0.0041257628
   0.0144232442
   0.0122075073
   0.0050468752
   0.0061981167
   0.0103183359
  -0.0083619290
  -0.0175510364
  -0.0314819715
  -0.0295572558
  -0.0142945530
  -0.0179089234
  -0.0364740717
  -0.0422017498
  -0.0418238843
  -0.0353616803
  -0.0177643836
  -0.0332540882
  -0.0430703961
  -0.0460351419
  -0.0441787011
  -0.0208524278
  -0.0240194326
  -0.0346025653
  -0.0432429530
  -0.0444557137
  -0.0317574770
  -0.0382897108
   0.0073025734
  -0.0015664374
  -0.0017662971
   0.0090384679
   0.0041075403
  -0.0023340925
  -0.0020761820
  -0.0059875866
  -0.0042861493
  -0.0017733055
   0.0014321393
  -0.0104694312
  -0.0026864405
  -0.0068563005
  -0.0066608398
  -0.0223077662
  -0.0199843510
  -0.0268688745
  -0.0387689253
  -0.0322796331
  -0.0134736839
  -0.0071771840
  -0.0417532169
  -0.0488374201
  -0.0349276056
  -0.0358536831
  -0.0250659884
  -0.0171059809
  -0.0329814344
  -0.0475787296
  -0.0344763190
   0.0048844010
  -0.0068020915
   0.0042242557
   0.0026462019
  -0.0038980867
  -0.0034001279
  -0.0044619591
   0.0143921014
   0.0007269040
   0.0059749712
  -0.0044370581
   0.0038681878
   0.0178740604
   0.0140300523
   0.0109194515
   0.0026460425
  -0.0003043033
  -0.0030084232
   0.0072949486
   0.0052312958
  -0.0022133097
   0.0029118555
   0.0067293515
  -0.0032389048
   0.0368203621
   0.0316610656
   0.0386807263
   0.0444036680
   0.0374762999
   0.0223191730
   0.0363287362
   0.0394263215
   0.0245780288
   0.0255613014
  -0.0037946703
  -0.0052936257
  -0.0165050612
  -0.0009897980
  -0.0048872359
  -0.0068346349
  -0.0012929182
  -0.0037750679
  -0.0017598416
   0.0222429804
   0.0125685290
   0.0217571506
   0.0246081451
   0.0062676969
   0.0162930694
   0.0181162355
   0.0176853930
  -0.0013638265
   0.0128128665
   0.0096900780
   0.0068398384
  -0.0049658923
   0.0212922083
   0.0241446276
   0.0260544052
   0.0275517571
   0.0150865582
   0.0257261918
   0.0256212276
   0.0244274574
   0.0296410855
   0.0225753199
   0.0255193010
   0.0209859848
   0.0167891630
   0.0202414144
   0.0253599837
   0.0245518302
   0.0148540644
   0.0110828340
   0.0277827973
   0.0227566238
   0.0129312325
   0.0172453715
   0.0066765435
  -0.0018094398
  -0.0000464301
  -0.0019745840
   0.0054837214
   0.0111545007
   0.0020476080
  -0.0022624007
  -0.0013743176
   0.0089212773
   0.0059265095
   0.0055979870
   0.0012061964
  -0.0010169837
   0.0140855498
  -0.0007685445
  -0.0013085811
   0.0132425322
   0.0013611159
   0.0088529662
   0.0067256598
   0.0075583397
   0.0007957862
   0.0037247513
   0.0073097710
   0.0056955039
  -0.0009363139
  -0.0019129249
  -0.0184506279
  -0.0182777140
  -0.0108522158
  -0.0258704365
  -0.0302467257
  -0.0289493129
  -0.0214625824
   0.0014428069
  -0.0121594138
  -0.0259239997
  -0.0333063265
  -0.0354890017
  -0.0338534046
  -0.0248794396
  -0.0165860608
  -0.0268108502
  -0.0341695130
  -0.0368805641
  -0.0346092432
  -0.0175313430
  -0.0202449572
  -0.0274439949
  -0.0339317568
  -0.0343930764
  -0.0241834247
  -0.0295722862
   0.0050817842
  -0.0015405030
  -0.0035096947
  -0.0024501961
   0.0041861104
  -0.0012428022
  -0.0036005763
  -0.0034935057
  -0.0063572663
  -0.0076623700
  -0.0069199369
  -0.0035756045
  -0.0057816194
  -0.0113632837
  -0.0055828152
  -0.0094032684
  -0.0054481411
  -0.0145539210
  -0.0118614317
  -0.0216060162
  -0.0246115076
  -0.0161389544
  -0.0273338446
  -0.0335096290
  -0.0276118000
  -0.0165181730
  -0.0108903550
  -0.0092428338
  -0.0323163793
  -0.0373759626
  -0.0292092183
  -0.0279452567
  -0.0207457592
  -0.0158722731
  -0.0260906071
  -0.0349166604
  -0.0265342368
   0.0035953627
  -0.0047919166
  -0.0045789029
   0.0028486895
  -0.0072310019
   0.0095384827
   0.0059116777
   0.0003246900
  -0.0041943934
  -0.0088633097
  -0.0076303016
   0.0129091115
   0.0031041889
   0.0067163240
  -0.0026738190
   0.0033106937
   0.0136104365
   0.0076597724
   0.0070541178
   0.0011232886
  -0.0014264748
  -0.0036668810
   0.0065605351
   0.0062004736
   0.0044550039
  -0.0007160290
   0.0093786195
   0.0086117028
   0.0003128350
   0.0032191963
  -0.0034333077
   0.0236983992
   0.0270412349
   0.0180959516
   0.0258093093
   0.0332270617
   0.0323235695
   0.0246767455
   0.0149575213
   0.0176850005
   0.0297807064
   0.0334569616
   0.0297726013
   0.0181732498
   0.0227139704
   0.0269817852
   0.0189354324
   0.0152063259
  -0.0163073442
  -0.0053455300
  -0.0198447367
  -0.0059794901
  -0.0063235863
  -0.0244468896
  -0.0088157262
  -0.0036858924
  -0.0103552795
  -0.0065724401
  -0.0075135503
  -0.0037172472
  -0.0085900874
  -0.0050849682
   0.0186949286
   0.0114933577
   0.0182497547
   0.0226204488
   0.0067427603
   0.0135867194
   0.0161796497
   0.0174843265
   0.0173327463
  -0.0055239512
   0.0061302662
   0.0127456437
   0.0118440081
   0.0119792275
  -0.0040279299
   0.0074150726
   0.0040405959
   0.0029740173
  -0.0058954111
   0.0179199753
   0.0196316202
   0.0214076481
   0.0225232015
   0.0145430942
   0.0210652363
   0.0216599664
   0.0215330030
   0.0239239935
   0.0181938769
   0.0217130443
   0.0202382971
   0.0186515999
   0.0178194505
   0.0232828769
   0.0215076051
   0.0159531290
   0.0118622627
   0.0163093790
   0.0205018239
   0.0203546502
   0.0154757341
   0.0089729516
   0.0107765342
   0.0244970272
   0.0201707179
   0.0147143482
   0.0187336095
   0.0150092886
   0.0054683459
   0.0077866063
   0.0012294641
   0.0017472001
   0.0065464896
   0.0105517169
   0.0035865560
   0.0007107798
   0.0027317742
   0.0058954490
   0.0095282073
   0.0046823544
   0.0011769267
   0.0085808082
   0.0034488728
   0.0005490298
   0.0078646757
   0.0027135075
   0.0054339575
   0.0047333043
   0.0026039652
   0.0028810610
  -0.0071729049
   0.0047221128
   0.0028387335
   0.0010799981
  -0.0043599093
  -0.0075860306
  -0.0147472759
  -0.0125356296
  -0.0137720520
  -0.0220305823
  -0.0241034434
  -0.0218990559
  -0.0145565015
  -0.0022552387
  -0.0142992343
  -0.0233887487
  -0.0277973647
  -0.0286432999
  -0.0258686601
  -0.0100178377
  -0.0175013318
  -0.0246892902
  -0.0290523491
  -0.0298747422
  -0.0255817078
  -0.0158767250
  -0.0217077483
  -0.0273596116
  -0.0276078680
  -0.0234981703
   0.0040035800
  -0.0007666973
  -0.0025199647
   0.0012359060
  -0.0031745879
  -0.0055906232
  -0.0074956576
  -0.0077293825
  -0.0139485364
  -0.0076007404
  -0.0047098013
  -0.0077883282
  -0.0110657232
  -0.0069745798
  -0.0102068487
  -0.0099090491
  -0.0151832289
  -0.0161183691
  -0.0165387309
  -0.0224266495
  -0.0217472664
  -0.0134414643
  -0.0228375037
  -0.0276530538
  -0.0238748367
  -0.0127730695
  -0.0156763691
  -0.0113813897
  -0.0104798696
  -0.0092760585
  -0.0254977793
  -0.0289551393
  -0.0238405631
  -0.0221014251
  -0.0171551315
  -0.0141253856
  -0.0211422982
  -0.0265965507
  -0.0210369969
  -0.0040405255
  -0.0029994377
   0.0024795990
   0.0100001658
  -0.0040903668
  -0.0067841732
   0.0060293547
   0.0021122634
  -0.0012490192
  -0.0046416796
   0.0118402875
   0.0046962784
   0.0072061298
  -0.0004813734
   0.0039153178
   0.0114483751
   0.0166539359
   0.0116767799
   0.0124238487
   0.0076835024
   0.0047574629
   0.0006438698
  -0.0013625139
   0.0062719790
   0.0068265142
   0.0037740350
   0.0008442878
   0.0125067799
   0.0056026070
   0.0053717941
  -0.0003951600
   0.0016577301
  -0.0034534469
   0.0190323831
   0.0215100957
   0.0177423705
   0.0253337185
   0.0267671461
   0.0228570687
   0.0152255781
   0.0215811718
   0.0260808841
   0.0251325613
   0.0184623855
   0.0053764317
   0.0152674933
   0.0204474455
   0.0175599492
   0.0030931920
   0.0098339764
  -0.0112604025
  -0.0139938464
  -0.0067949437
  -0.0098071964
  -0.0184186731
  -0.0078444284
  -0.0064184547
  -0.0149774390
  -0.0081429396
  -0.0094878023
  -0.0059440749
  -0.0104968864
  -0.0069408674
   0.0163071131
   0.0154784961
   0.0195174898
   0.0059789785
   0.0114804760
   0.0132498580
   0.0147475347
   0.0151547161
  -0.0042532881
   0.0049050388
   0.0102435925
   0.0091125580
   0.0097092017
  -0.0034284887
   0.0053653583
   0.0017775528
  -0.0080309323
   0.0155520512
   0.0167656553
   0.0184089096
   0.0198987501
   0.0125198330
   0.0179679995
   0.0184309070
   0.0184624584
   0.0199209333
   0.0160014783
   0.0187184720
   0.0173750833
   0.0161585539
   0.0154722043
   0.0203742133
   0.0188539731
   0.0140713529
   0.0108640123
   0.0136787747
   0.0178432729
   0.0173213300
   0.0127404230
   0.0070099668
   0.0087329867
   0.0222601489
   0.0178225823
   0.0138082739
   0.0057741210
   0.0167046940
   0.0134400624
   0.0076889939
   0.0029512034
   0.0047150476
   0.0036721285
   0.0063145425
   0.0084818009
   0.0039689724
   0.0022000490
   0.0055412345
   0.0050586543
   0.0110538493
   0.0121582935
   0.0054553093
   0.0033081092
   0.0037902240
   0.0063143525
   0.0149937345
   0.0034201052
   0.0033356845
   0.0093434748
   0.0021385268
   0.0051559765
   0.0040001328
   0.0073039153
   0.0029720218
   0.0022294293
  -0.0029794191
   0.0033549058
   0.0034653961
   0.0032451441
   0.0000156737
  -0.0017521724
  -0.0059847522
  -0.0056686565
  -0.0089533566
  -0.0102982584
  -0.0159453057
  -0.0169943220
  -0.0145908546
   0.0010144750
  -0.0105804838
  -0.0177218334
  -0.0211902936
  -0.0220049933
  -0.0204189174
  -0.0156273500
  -0.0040053600
  -0.0108665083
  -0.0177124685
  -0.0222706065
  -0.0242875402
  -0.0239065524
  -0.0200981771
  -0.0088521044
  -0.0134463754
  -0.0185096644
  -0.0226135945
  -0.0246383428
  -0.0239864102
  -0.0187616835
  -0.0139038064
  -0.0180227395
  -0.0223032975
  -0.0223944266
  -0.0192148196
  -0.0001143340
   0.0027935345
  -0.0028247146
  -0.0007573616
  -0.0045902236
  -0.0062997416
  -0.0076630592
  -0.0092043292
  -0.0082871521
  -0.0040640772
  -0.0076430829
  -0.0054548256
  -0.0082749737
  -0.0104347688
  -0.0076228306
  -0.0102576041
  -0.0070099817
  -0.0114761502
  -0.0102950930
  -0.0142333418
  -0.0163086061
  -0.0139037326
  -0.0167753816
  -0.0201847136
  -0.0188282602
  -0.0123519551
  -0.0207382142
  -0.0227143156
  -0.0194497010
  -0.0122391304
  -0.0139745599
  -0.0106491129
  -0.0096309337
  -0.0088180657
  -0.0206597744
  -0.0229522346
  -0.0195321124
  -0.0178740476
  -0.0143832106
  -0.0125288301
  -0.0175796178
  -0.0209829539
  -0.0171802115
  -0.0017770250
   0.0024506680
   0.0083639111
  -0.0059404482
  -0.0010605430
   0.0053886853
  -0.0021121524
   0.0100008515
   0.0041663325
   0.0008150675
  -0.0003425036
  -0.0023922186
  -0.0050603138
   0.0108194262
   0.0054973040
   0.0072885716
   0.0011189496
   0.0043937529
   0.0100053295
   0.0135661661
   0.0135756286
   0.0090835974
   0.0077687742
   0.0059130993
   0.0035928495
   0.0002431933
  -0.0013466192
   0.0106155668
   0.0060178881
   0.0069617081
   0.0035191077
   0.0018912285
  -0.0016110446
   0.0142798352
   0.0079058644
   0.0056419554
   0.0034279185
   0.0038142654
  -0.0007031281
   0.0007368704
   0.0166511598
   0.0200847742
   0.0211894786
   0.0182521055
   0.0126265592
   0.0161542049
   0.0209609410
   0.0220166560
   0.0194419834
   0.0132734768
   0.0045008870
   0.0149364818
   0.0190459443
   0.0189456536
   0.0141259303
   0.0030544361
   0.0136578048
   0.0094227571
  -0.0115209079
  -0.0077839038
  -0.0099947232
  -0.0075358822
  -0.0123527515
  -0.0153870836
  -0.0084459311
  -0.0075914394
  -0.0141165970
  -0.0084852660
  -0.0094889612
  -0.0072737280
  -0.0106444594
  -0.0079468826
   0.0138433010
   0.0053643532
   0.0099824659
   0.0122326577
   0.0143349257
  -0.0005818758
   0.0054411382
   0.0094883417
   0.0096750171
   0.0108101468
   0.0106670584
  -0.0058893313
   0.0024209613
   0.0070960532
   0.0055980577
   0.0063089756
  -0.0064962438
   0.0019563249
  -0.0010455661
   0.0137339714
   0.0144454758
   0.0159390890
   0.0171258508
   0.0112917751
   0.0153481181
   0.0160276953
   0.0164087129
   0.0179167128
   0.0134679968
   0.0160718691
   0.0156868348
   0.0152199136
   0.0151307203
   0.0160360436
   0.0166247413
   0.0144382039
   0.0129042951
   0.0117723609
   0.0117949314
   0.0151307276
   0.0147225428
   0.0111552307
   0.0071814248
   0.0190048633
   0.0156098409
   0.0122705069
   0.0068097607
   0.0166583861
   0.0134123896
   0.0097356056
   0.0107673273
   0.0072213761
